Уравнение 3

1.
[0, 0, 1] 
[0, 1, 1] 
[1, 1, 1]
2.
[0, 0, 1] 
[1, 0, 0] 
[1, 1, 0]
3.
[0, 0, 1] 
[1, 0, 1] 
[0, 1, 0]
4.
[0, 0, 1] 
[1, 1, 0] 
[0, 1, 1]
5.
[0, 1, 0] 
[0, 0, 1] 
[1, 1, 0]
6.
[0, 1, 0] 
[0, 1, 1] 
[1, 0, 1]
7.
[0, 1, 0] 
[1, 0, 1] 
[1, 0, 0]
8.
[0, 1, 0] 
[1, 1, 1] 
[0, 1, 1]
9.
[0, 1, 1] 
[0, 0, 1] 
[1, 0, 0]
10.
[0, 1, 1] 
[1, 0, 0] 
[0, 1, 0]
11.
[0, 1, 1] 
[1, 1, 0] 
[1, 1, 1]
12.
[0, 1, 1] 
[1, 1, 1] 
[1, 0, 1]
13.
[1, 0, 1] 
[0, 0, 1] 
[1, 1, 1]
14.
[1, 0, 1] 
[1, 0, 0] 
[0, 1, 1]
15.
[1, 0, 1] 
[1, 1, 0] 
[0, 1, 0]
16.
[1, 0, 1] 
[1, 1, 1] 
[1, 1, 0]
17.
[1, 1, 0] 
[0, 0, 1] 
[1, 0, 1]
18.
[1, 1, 0] 
[0, 1, 1] 
[1, 0, 0]
19.
[1, 1, 0] 
[1, 0, 1] 
[1, 1, 1]
20.
[1, 1, 0] 
[1, 1, 1] 
[0, 1, 0]
21.
[1, 1, 1] 
[0, 1, 1] 
[1, 1, 0]
22.
[1, 1, 1] 
[1, 0, 0] 
[1, 0, 1]
23.
[1, 1, 1] 
[1, 0, 1] 
[0, 1, 1]
24.
[1, 1, 1] 
[1, 1, 0] 
[1, 0, 0]
25.
[0, 0, 1] 
[0, 1, 1] 
[1, 1, 1]
26.
[0, 0, 1] 
[1, 0, 0] 
[1, 1, 0]
27.
[0, 0, 1] 
[1, 0, 1] 
[0, 1, 0]
28.
[0, 0, 1] 
[1, 1, 0] 
[0, 1, 1]
29.
[0, 1, 0] 
[0, 0, 1] 
[1, 1, 0]
30.
[0, 1, 0] 
[0, 1, 1] 
[1, 0, 1]
31.
[0, 1, 0] 
[1, 0, 1] 
[1, 0, 0]
32.
[0, 1, 0] 
[1, 1, 1] 
[0, 1, 1]
33.
[0, 1, 1] 
[0, 0, 1] 
[1, 0, 0]
34.
[0, 1, 1] 
[1, 0, 0] 
[0, 1, 0]
35.
[0, 1, 1] 
[1, 1, 0] 
[1, 1, 1]
36.
[0, 1, 1] 
[1, 1, 1] 
[1, 0, 1]
37.
[1, 0, 1] 
[0, 0, 1] 
[1, 1, 1]
38.
[1, 0, 1] 
[1, 0, 0] 
[0, 1, 1]
39.
[1, 0, 1] 
[1, 1, 0] 
[0, 1, 0]
40.
[1, 0, 1] 
[1, 1, 1] 
[1, 1, 0]
41.
[1, 1, 0] 
[0, 0, 1] 
[1, 0, 1]
42.
[1, 1, 0] 
[0, 1, 1] 
[1, 0, 0]
43.
[1, 1, 0] 
[1, 0, 1] 
[1, 1, 1]
44.
[1, 1, 0] 
[1, 1, 1] 
[0, 1, 0]
45.
[1, 1, 1] 
[0, 1, 1] 
[1, 1, 0]
46.
[1, 1, 1] 
[1, 0, 0] 
[1, 0, 1]
47.
[1, 1, 1] 
[1, 0, 1] 
[0, 1, 1]
48.
[1, 1, 1] 
[1, 1, 0] 
[1, 0, 0]
