Уравнение 2

1.
[0, 0, 1]
[0, 1, 1]
[1, 1, 0]
2.
[0, 0, 1]
[1, 0, 0]
[0, 1, 1]
3.
[0, 0, 1]
[1, 0, 1]
[1, 1, 1]
4.
[0, 0, 1]
[1, 1, 0]
[0, 1, 0]
5.
[0, 1, 0]
[0, 0, 1]
[1, 0, 1]
6.
[0, 1, 0]
[0, 1, 1]
[1, 0, 0]
7.
[0, 1, 0]
[1, 0, 1]
[0, 1, 1]
8.
[0, 1, 0]
[1, 1, 1]
[1, 1, 0]
9.
[0, 1, 1]
[0, 0, 1]
[1, 1, 1]
10.
[0, 1, 1]
[1, 0, 0]
[1, 0, 1]
11.
[0, 1, 1]
[1, 1, 0]
[1, 0, 0]
12.
[0, 1, 1]
[1, 1, 1]
[0, 1, 0]
13.
[1, 0, 1]
[0, 0, 1]
[1, 1, 0]
14.
[1, 0, 1]
[1, 0, 0]
[0, 1, 0]
15.
[1, 0, 1]
[1, 1, 0]
[1, 1, 1]
16.
[1, 0, 1]
[1, 1, 1]
[0, 1, 1]
17.
[1, 1, 0]
[0, 0, 1]
[1, 0, 0]
18.
[1, 1, 0]
[0, 1, 1]
[1, 1, 1]
19.
[1, 1, 0]
[1, 0, 1]
[0, 1, 0]
20.
[1, 1, 0]
[1, 1, 1]
[1, 0, 1]
21.
[1, 1, 1]
[0, 1, 1]
[1, 0, 1]
22.
[1, 1, 1]
[1, 0, 0]
[1, 1, 0]
23.
[1, 1, 1]
[1, 0, 1]
[1, 0, 0]
24.
[1, 1, 1]
[1, 1, 0]
[0, 1, 1]
25.
[0, 0, 1]
[0, 1, 1]
[1, 1, 0]
26.
[0, 0, 1]
[1, 0, 0]
[0, 1, 1]
27.
[0, 0, 1]
[1, 0, 1]
[1, 1, 1]
28.
[0, 0, 1]
[1, 1, 0]
[0, 1, 0]
29.
[0, 1, 0]
[0, 0, 1]
[1, 0, 1]
30.
[0, 1, 0]
[0, 1, 1]
[1, 0, 0]
31.
[0, 1, 0]
[1, 0, 1]
[0, 1, 1]
32.
[0, 1, 0]
[1, 1, 1]
[1, 1, 0]
33.
[0, 1, 1]
[0, 0, 1]
[1, 1, 1]
34.
[0, 1, 1]
[1, 0, 0]
[1, 0, 1]
35.
[0, 1, 1]
[1, 1, 0]
[1, 0, 0]
36.
[0, 1, 1]
[1, 1, 1]
[0, 1, 0]
37.
[1, 0, 1]
[0, 0, 1]
[1, 1, 0]
38.
[1, 0, 1]
[1, 0, 0]
[0, 1, 0]
39.
[1, 0, 1]
[1, 1, 0]
[1, 1, 1]
40.
[1, 0, 1]
[1, 1, 1]
[0, 1, 1]
41.
[1, 1, 0]
[0, 0, 1]
[1, 0, 0]
42.
[1, 1, 0]
[0, 1, 1]
[1, 1, 1]
43.
[1, 1, 0]
[1, 0, 1]
[0, 1, 0]
44.
[1, 1, 0]
[1, 1, 1]
[1, 0, 1]
45.
[1, 1, 1]
[0, 1, 1]
[1, 0, 1]
46.
[1, 1, 1]
[1, 0, 0]
[1, 1, 0]
47.
[1, 1, 1]
[1, 0, 1]
[1, 0, 0]
48.
[1, 1, 1]
[1, 1, 0]
[0, 1, 1]
